113355 3
693979 1
1224 1
96561 1
2282170 1
104623 1
264731 2
1727163 1
86664 1
1324352 1
888727 1
1266925 1
135622 1
131112 1
91844 1
1173263 1
75985 1
694427 2
878220 1
131567 1
1806885 1
627344 1
976 2
1307839 1
929556 1
837 1
0 39
758793 1
838 1
880074 2
2026799 1
2051957 1
43658 1
2 16
1316596 1
28129 2
507 1
1428 1
816 2
313596 1
1236 2
41294 1
142 1
246787 1
436114 1
76123 1
171549 8
502025 1
204037 1
28901 1
585394 1
76853 1
1435069 1
1796613 2
1936080 1
652787 1
715451 1
393921 1
214888 1
572511 1
712710 1
679937 1
1265445 1
379 1
28131 1
28116 1
1301283 2
438 1
28112 1
1386 1
879243 1
28119 1
