1579979 1
1288494 1
1510841 1
131567 2
43674 1
940190 1
248315 1
0 65
1912897 1
28216 1
2109691 5
816 1
502682 1
165697 1
1834196 2
1882831 1
2184575 1
1871021 5
585394 1
1082933 1
1842727 1
1294273 1
697281 1
1695218 1
208479 3
1357279 1
1125847 1
198618 1
1486262 1
1679721 1
379 1
768706 1
879212 1
1885919 1
92645 1
821 1
1063 1
697329 1
1783272 8
1856685 1
830 1
831 1
1718 1
930806 1
39488 1
1221522 1
712991 1
1078773 1
1396 1
91347 1
1217721 1
1236 3
1675036 1
442 1
1239 2
588 1
515619 3
981222 1
552811 1
378806 1
633697 2
85023 1
1042156 4
756883 1
1297793 2
164546 1
1506553 1
1224 6
1150461 1
1345 1
281093 1
391037 1
1589 1
106634 1
853 4
1870819 1
2 10
502558 1
1903704 1
767029 1
28211 2
927704 2
2290923 1
141451 1
482957 1
690566 1
2086584 6
286 2
395491 1
479432 1
1297617 1
96561 1
515622 1
213810 1
1969 1
591001 1
871963 1
186803 5
186802 5
120107 1
1462996 1
1572656 1
1986146 1
576610 1
1495144 1
864051 1
572511 3
2109688 1
1684 1
2067957 1
1760 2
2109687 1
